,epoch,mu,phase,std
0,1,0.298135519028,1.0,0.0211279094219
1,2,0.223243802786,1.0,0.0257764495909
2,3,0.168546795845,1.0,0.0304226297885
3,4,0.166659668088,1.0,0.020170647651
4,5,0.152573153377,1.0,0.025328617543
5,6,0.160598665476,1.0,0.0228593125939
6,7,0.162670612335,1.0,0.0258775260299
7,8,0.159460514784,1.0,0.0292455945164
8,9,0.148153096437,1.0,0.0379029922187
9,10,0.153291404247,1.0,0.0380134694278
10,11,0.17866165936,1.0,0.029860233888
11,12,0.171580821276,1.0,0.0401958040893
12,13,0.182596221566,1.0,0.0426208078861
13,14,0.177948459983,1.0,0.0422749333084
14,15,0.195921808481,1.0,0.0446317642927
15,16,0.193189233541,1.0,0.0581934861839
16,17,0.1800211519,1.0,0.0681928694248
17,18,0.210005730391,1.0,0.0673883482814
18,19,0.220302671194,1.0,0.0750760063529
19,20,0.234199419618,1.0,0.0756492093205
20,21,0.249085813761,1.0,0.0813511535525
21,22,0.232453525066,1.0,0.0983796566725
22,23,0.250528723001,1.0,0.100854687393
23,24,0.247811511159,1.0,0.122029140592
24,25,0.282342076302,1.0,0.114855192602
25,26,0.289492040873,1.0,0.125584542751
26,27,0.318594425917,1.0,0.141198113561
27,28,0.313656955957,1.0,0.148457214236
28,29,0.330666720867,1.0,0.157779052854
29,30,0.348502188921,1.0,0.151887238026
30,31,0.355299174786,1.0,0.16800186038
31,32,0.366079598665,1.0,0.183963730931
32,33,0.366740733385,1.0,0.188635438681
33,34,0.363729596138,1.0,0.193904876709
34,35,0.410675317049,1.0,0.173665091395
35,36,0.406224370003,1.0,0.169996798038
36,37,0.416523009539,1.0,0.211548566818
37,38,0.388464391232,1.0,0.219564199448
38,39,0.408970504999,1.0,0.205064848065
39,40,0.447324663401,1.0,0.193093702197
40,41,0.422862261534,1.0,0.216287583113
41,42,0.420633375645,1.0,0.206207498908
42,43,0.408647567034,1.0,0.215885445476
43,44,0.42889842391,1.0,0.21348027885
44,45,0.404386341572,1.0,0.234755650163
45,46,0.403280049562,1.0,0.228479802608
46,47,0.464665174484,1.0,0.221403375268
47,48,0.438899159431,1.0,0.236736297607
48,49,0.460327982903,1.0,0.229514583945
49,50,0.485609233379,1.0,0.234452903271
50,51,0.441765278578,1.0,0.231166556478
51,52,0.444119423628,1.0,0.231411784887
52,53,0.464712172747,1.0,0.232845038176
53,54,0.439491927624,1.0,0.255691736937
54,55,0.453914344311,1.0,0.242098942399
55,56,0.504365026951,1.0,0.250208854675
56,57,0.480736643076,1.0,0.261630475521
57,58,0.484351456165,1.0,0.261615544558
58,59,0.50071310997,1.0,0.237811774015
59,60,0.47280934453,1.0,0.255121946335
60,61,0.497273415327,1.0,0.237234100699
61,62,0.508701324463,1.0,0.250344574451
62,63,0.471754997969,1.0,0.261202633381
63,64,0.513606369495,1.0,0.268900722265
64,65,0.501409471035,1.0,0.253913998604
65,66,0.531151175499,1.0,0.253711730242
66,67,0.520191669464,1.0,0.260991990566
67,68,0.487418591976,1.0,0.271773934364
68,69,0.537709593773,1.0,0.263414204121
69,70,0.51165497303,1.0,0.265199899673
70,71,0.497584819794,1.0,0.273003071547
71,72,0.550033032894,1.0,0.261129826307
72,73,0.568473994732,1.0,0.248709410429
73,74,0.555949032307,1.0,0.2751314044
74,75,0.525249838829,1.0,0.268539369106
75,76,0.527989506721,1.0,0.276480197906
76,77,0.552052855492,1.0,0.285050421953
77,78,0.53237169981,1.0,0.289439618587
78,79,0.559336662292,1.0,0.282252877951
79,80,0.561102390289,1.0,0.293675124645
80,81,0.57708209753,1.0,0.30946663022
81,82,0.511753439903,1.0,0.298083335161
82,83,0.56493127346,1.0,0.304271310568
83,84,0.565886557102,1.0,0.298803716898
84,85,0.59334397316,1.0,0.291355162859
85,86,0.54093849659,1.0,0.300135552883
86,87,0.53991830349,1.0,0.316976636648
87,88,0.547038793564,1.0,0.302884250879
88,89,0.562504947186,1.0,0.313369959593
89,90,0.491610616446,2.0,0.319671332836
90,91,0.509884655476,2.0,0.335936486721
91,92,0.548692524433,2.0,0.364549964666
92,93,0.599252104759,2.0,0.362976849079
93,94,0.557235479355,2.0,0.383960038424
94,95,0.607684969902,2.0,0.39831084013
95,96,0.592249751091,2.0,0.38053599
96,97,0.593864321709,2.0,0.383023411036
97,98,0.540897190571,2.0,0.413979142904
98,99,0.619138896465,2.0,0.393874645233
99,100,0.629071950912,2.0,0.412859946489
100,101,0.609040617943,2.0,0.411189079285
101,102,0.600287854671,2.0,0.406680554152
102,103,0.586887598038,2.0,0.428303986788
103,104,0.631805956364,2.0,0.430921733379
104,105,0.605082035065,2.0,0.424130350351
105,106,0.624841809273,2.0,0.418744891882
106,107,0.626514613628,2.0,0.422974795103
107,108,0.620774745941,2.0,0.443493276834
108,109,0.62782484293,2.0,0.42686650157
109,110,0.611742913723,2.0,0.419340491295
110,111,0.645649969578,2.0,0.429186463356
111,112,0.690589606762,2.0,0.418260633945
112,113,0.629087567329,2.0,0.440754055977
113,114,0.627332508564,2.0,0.439668834209
114,115,0.608628928661,2.0,0.437734782696
115,116,0.641761600971,2.0,0.453517526388
116,117,0.641557455063,2.0,0.443775504827
117,118,0.685320973396,2.0,0.464240670204
118,119,0.649011790752,2.0,0.447693139315
119,120,0.64006370306,2.0,0.471090167761
120,121,0.62856400013,2.0,0.443395704031
121,122,0.654585063457,2.0,0.47919678688
122,123,0.647253990173,2.0,0.465508520603
123,124,0.659490764141,2.0,0.482957035303
124,125,0.649145245552,2.0,0.463720142841
125,126,0.629004955292,2.0,0.455516576767
126,127,0.654266119003,2.0,0.455560863018
127,128,0.628226816654,2.0,0.472676724195
128,129,0.650841474533,2.0,0.469311624765
129,130,0.645866334438,2.0,0.473571240902
130,131,0.637709259987,2.0,0.473560452461
131,132,0.681824147701,2.0,0.466086596251
132,133,0.650186657906,2.0,0.456723570824
133,134,0.663666009903,2.0,0.474050104618
134,135,0.629481434822,2.0,0.474288761616
135,136,0.667388916016,2.0,0.486077338457
136,137,0.637235879898,2.0,0.482518970966
137,138,0.646437942982,2.0,0.490717530251
138,139,0.627402603626,2.0,0.494570910931
139,140,0.678175568581,2.0,0.474234461784
140,141,0.642576634884,2.0,0.501180410385
141,142,0.638527393341,2.0,0.49997189641
142,143,0.648362517357,2.0,0.49094042182
143,144,0.68559473753,2.0,0.491513222456
144,145,0.663501441479,2.0,0.520873308182
145,146,0.676136851311,2.0,0.511099278927
146,147,0.668366909027,2.0,0.511563956738
147,148,0.724526226521,2.0,0.519560694695
148,149,0.66581183672,2.0,0.504780292511
149,150,0.656031668186,2.0,0.511700630188
150,151,0.651310801506,2.0,0.492179483175
151,152,0.656251907349,2.0,0.512587428093
152,153,0.650065362453,2.0,0.491681098938
153,154,0.647816181183,2.0,0.521167159081
154,155,0.647906184196,2.0,0.519742190838
155,156,0.697867751122,2.0,0.512861669064
156,157,0.681395411491,2.0,0.513455688953
157,158,0.660636305809,2.0,0.518879473209
158,159,0.666364789009,2.0,0.540547251701
159,160,0.66388553381,2.0,0.522130668163
160,161,0.631061673164,2.0,0.523085415363
161,162,0.664662063122,2.0,0.539281904697
162,163,0.668588459492,2.0,0.506968080997
163,164,0.674017965794,2.0,0.500904619694
164,165,0.657486975193,2.0,0.532124221325
165,166,0.673228859901,2.0,0.504136383533
166,167,0.648728251457,2.0,0.557645738125
167,168,0.655572891235,2.0,0.536443769932
168,169,0.671766281128,2.0,0.521727621555
169,170,0.68020427227,2.0,0.533582031727
170,171,0.682085990906,2.0,0.523921430111
171,172,0.632339656353,2.0,0.529274404049
172,173,0.684208571911,2.0,0.557627737522
173,174,0.692647457123,2.0,0.536913394928
174,175,0.648252248764,2.0,0.546254277229
175,176,0.649382591248,2.0,0.53346902132
176,177,0.668609380722,2.0,0.532462179661
177,178,0.707438528538,2.0,0.549221038818
178,179,0.685064792633,2.0,0.5550339818
