,epoch,mu,phase,std
0,1,0.294994860888,1.0,0.0241405554116
1,2,0.233441516757,1.0,0.0357549227774
2,3,0.183724090457,1.0,0.0454699955881
3,4,0.18688672781,1.0,0.0436596982181
4,5,0.202558040619,1.0,0.0444919094443
5,6,0.199619561434,1.0,0.0805822089314
6,7,0.215780988336,1.0,0.0914940461516
7,8,0.257007181644,1.0,0.0959393233061
8,9,0.2943546772,1.0,0.119718410075
9,10,0.328037589788,1.0,0.159508943558
10,11,0.379661738873,1.0,0.204264596105
11,12,0.409550368786,1.0,0.259932458401
12,13,0.447148323059,1.0,0.303829431534
13,14,0.455874174833,1.0,0.341010779142
14,15,0.490851789713,1.0,0.368195921183
15,16,0.552557528019,1.0,0.412074118853
16,17,0.531240284443,1.0,0.49398702383
17,18,0.508747458458,1.0,0.508274257183
18,19,0.555505037308,1.0,0.503610551357
19,20,0.533490717411,1.0,0.556972444057
20,21,0.555097103119,1.0,0.565596044064
21,22,0.545380115509,1.0,0.596695065498
22,23,0.604148805141,1.0,0.586460828781
23,24,0.534017205238,1.0,0.606918513775
24,25,0.542724370956,1.0,0.635617613792
25,26,0.525467813015,1.0,0.642640590668
26,27,0.565261542797,1.0,0.659594237804
27,28,0.501804232597,1.0,0.689944505692
28,29,0.501201570034,1.0,0.688253760338
29,30,0.493969887495,1.0,0.707296311855
30,31,0.577093183994,1.0,0.690086841583
31,32,0.498125910759,1.0,0.682620823383
32,33,0.548869967461,1.0,0.685815751553
33,34,0.495660573244,1.0,0.698195695877
34,35,0.539988219738,1.0,0.69804930687
35,36,0.575503468513,1.0,0.687811851501
36,37,0.574622154236,1.0,0.673806726933
37,38,0.566511034966,1.0,0.687638640404
38,39,0.520479679108,1.0,0.712090492249
39,40,0.513441622257,1.0,0.708293199539
40,41,0.593637824059,1.0,0.703897476196
41,42,0.577448785305,1.0,0.685474097729
42,43,0.534610569477,1.0,0.699319839478
43,44,0.478437066078,1.0,0.743687927723
44,45,0.559051275253,1.0,0.713722884655
45,46,0.517260968685,1.0,0.729206442833
46,47,0.563340008259,1.0,0.695338129997
47,48,0.556078791618,1.0,0.719414412975
48,49,0.556317448616,1.0,0.73831486702
49,50,0.523782432079,1.0,0.701222479343
50,51,0.544736325741,1.0,0.71519523859
51,52,0.521369695663,1.0,0.711478352547
52,53,0.557786643505,1.0,0.712574601173
53,54,0.521435856819,1.0,0.738939702511
54,55,0.503843963146,1.0,0.744523882866
55,56,0.517954707146,1.0,0.737059235573
56,57,0.507595658302,1.0,0.752078235149
57,58,0.526954352856,1.0,0.718834161758
58,59,0.535415351391,1.0,0.719629228115
59,60,0.489475339651,1.0,0.745547294617
60,61,0.532746911049,1.0,0.736460924149
61,62,0.540521740913,1.0,0.73548579216
62,63,0.50816822052,1.0,0.735531389713
63,64,0.520084798336,1.0,0.755655944347
64,65,0.535831093788,1.0,0.737462937832
65,66,0.465820670128,1.0,0.774148881435
66,67,0.478498339653,1.0,0.760901927948
67,68,0.546699166298,1.0,0.746510565281
68,69,0.471053421497,1.0,0.763294041157
69,70,0.502120137215,1.0,0.75578725338
70,71,0.554971933365,1.0,0.769026398659
71,72,0.506116271019,1.0,0.776631951332
72,73,0.476651638746,1.0,0.772530376911
73,74,0.488672226667,1.0,0.765895903111
74,75,0.487968057394,1.0,0.772520184517
75,76,0.518430769444,1.0,0.771299421787
76,77,0.528456389904,1.0,0.760115325451
77,78,0.48037430644,1.0,0.791705489159
78,79,0.500985443592,1.0,0.772108495235
79,80,0.52258002758,1.0,0.771199703217
80,81,0.547610521317,1.0,0.765163660049
81,82,0.491765886545,1.0,0.790433585644
82,83,0.497047007084,1.0,0.782793879509
83,84,0.54046857357,1.0,0.781621277332
84,85,0.4637773633,1.0,0.784197151661
85,86,0.47193980217,1.0,0.792070448399
86,87,0.445259392262,1.0,0.821448981762
87,88,0.53753554821,1.0,0.791677176952
88,89,0.507355749607,1.0,0.792033791542
89,90,0.442129015923,2.0,0.807704210281
90,91,0.470786690712,2.0,0.82944726944
91,92,0.431531876326,2.0,0.845605313778
92,93,0.459543824196,2.0,0.857145547867
93,94,0.422989755869,2.0,0.851115167141
94,95,0.437049329281,2.0,0.847745239735
95,96,0.410095572472,2.0,0.864491581917
96,97,0.387732118368,2.0,0.854431331158
97,98,0.415884673595,2.0,0.853255450726
98,99,0.39460337162,2.0,0.864609897137
99,100,0.416951715946,2.0,0.85708117485
100,101,0.388103246689,2.0,0.882506728172
101,102,0.403964757919,2.0,0.865858316422
102,103,0.39788839221,2.0,0.870902240276
103,104,0.394299894571,2.0,0.88786226511
104,105,0.383396267891,2.0,0.87310218811
105,106,0.407942980528,2.0,0.878938019276
106,107,0.415797919035,2.0,0.871179223061
107,108,0.381549745798,2.0,0.878549396992
108,109,0.398148089647,2.0,0.883877575397
109,110,0.412025570869,2.0,0.879003345966
110,111,0.393810510635,2.0,0.878910422325
111,112,0.369926214218,2.0,0.886518537998
112,113,0.350988775492,2.0,0.887704074383
113,114,0.354067593813,2.0,0.881262183189
114,115,0.370593428612,2.0,0.885382056236
115,116,0.359079241753,2.0,0.88898563385
116,117,0.351207971573,2.0,0.89221984148
117,118,0.380316525698,2.0,0.902570068836
118,119,0.356782585382,2.0,0.89661937952
119,120,0.362697780132,2.0,0.901538848877
120,121,0.353716284037,2.0,0.892304360867
121,122,0.365437954664,2.0,0.890205800533
122,123,0.358957201242,2.0,0.894231796265
123,124,0.353771150112,2.0,0.88846540451
124,125,0.347525328398,2.0,0.901479363441
125,126,0.36098369956,2.0,0.902859091759
126,127,0.357057243586,2.0,0.902227759361
127,128,0.35612949729,2.0,0.902783870697
128,129,0.368695527315,2.0,0.899411559105
129,130,0.358440756798,2.0,0.901175796986
130,131,0.346402019262,2.0,0.902547121048
131,132,0.329150229692,2.0,0.911954283714
132,133,0.350117057562,2.0,0.907878398895
133,134,0.352881222963,2.0,0.887808442116
134,135,0.362470388412,2.0,0.889098405838
135,136,0.336139023304,2.0,0.903292119503
136,137,0.330122262239,2.0,0.902499973774
137,138,0.355377912521,2.0,0.909424602985
138,139,0.323875874281,2.0,0.912094652653
139,140,0.36047783494,2.0,0.913038730621
140,141,0.345834165812,2.0,0.901457428932
141,142,0.318845808506,2.0,0.911434233189
142,143,0.3248026371,2.0,0.916908144951
143,144,0.324429571629,2.0,0.915824949741
144,145,0.329018354416,2.0,0.922763288021
145,146,0.320982158184,2.0,0.91035592556
146,147,0.319321125746,2.0,0.920457780361
147,148,0.300750285387,2.0,0.928917706013
148,149,0.324978619814,2.0,0.916850745678
149,150,0.315404832363,2.0,0.92306125164
150,151,0.312897503376,2.0,0.912490606308
151,152,0.31091094017,2.0,0.92669481039
152,153,0.287527918816,2.0,0.927077293396
153,154,0.304985135794,2.0,0.938354313374
154,155,0.295897245407,2.0,0.927586436272
155,156,0.291213899851,2.0,0.928810715675
156,157,0.282214283943,2.0,0.929141104221
157,158,0.290108412504,2.0,0.930022120476
158,159,0.295203477144,2.0,0.932726204395
159,160,0.289251595736,2.0,0.937486052513
160,161,0.294705539942,2.0,0.930428206921
161,162,0.294796407223,2.0,0.929213881493
162,163,0.29523268342,2.0,0.93844050169
163,164,0.293123483658,2.0,0.93071526289
164,165,0.279844641685,2.0,0.937527060509
165,166,0.261751204729,2.0,0.941896319389
166,167,0.283467024565,2.0,0.92936617136
167,168,0.257813066244,2.0,0.946888685226
168,169,0.281868726015,2.0,0.940665602684
169,170,0.263566881418,2.0,0.937589585781
170,171,0.254205971956,2.0,0.943070232868
171,172,0.27533364296,2.0,0.944585800171
172,173,0.271387368441,2.0,0.942795038223
173,174,0.272944331169,2.0,0.948710858822
174,175,0.255812257528,2.0,0.943925261497
175,176,0.25044080615,2.0,0.950604975224
176,177,0.240848481655,2.0,0.945605695248
177,178,0.24661166966,2.0,0.942004799843
178,179,0.243384972215,2.0,0.947948455811
