,epoch,mu,phase,std
0,1,0.302257329226,1.0,0.0232266150415
1,2,0.230228260159,1.0,0.027805166319
2,3,0.19422967732,1.0,0.0249631889164
3,4,0.168067723513,1.0,0.0262661818415
4,5,0.168514281511,1.0,0.0388961136341
5,6,0.175323083997,1.0,0.037198793143
6,7,0.169366434216,1.0,0.0448570661247
7,8,0.171383172274,1.0,0.0717424675822
8,9,0.191997200251,1.0,0.0620618239045
9,10,0.209193363786,1.0,0.0729540362954
10,11,0.237892597914,1.0,0.0659553781152
11,12,0.262233257294,1.0,0.0816925317049
12,13,0.250092834234,1.0,0.0997049957514
13,14,0.27505967021,1.0,0.111305303872
14,15,0.306821376085,1.0,0.134403079748
15,16,0.314473301172,1.0,0.152601748705
16,17,0.336943566799,1.0,0.181298539042
17,18,0.363330304623,1.0,0.193880677223
18,19,0.389089345932,1.0,0.234067946672
19,20,0.373228162527,1.0,0.253221482038
20,21,0.443869650364,1.0,0.259576529264
21,22,0.475087076426,1.0,0.286670684814
22,23,0.457638382912,1.0,0.292159020901
23,24,0.481983691454,1.0,0.330798625946
24,25,0.481931835413,1.0,0.37414380908
25,26,0.505243062973,1.0,0.365726649761
26,27,0.576553046703,1.0,0.422366589308
27,28,0.536795258522,1.0,0.401924312115
28,29,0.542387843132,1.0,0.42187204957
29,30,0.565606534481,1.0,0.416850090027
30,31,0.602744877338,1.0,0.407056480646
31,32,0.531104743481,1.0,0.45362585783
32,33,0.550563633442,1.0,0.48373284936
33,34,0.560926795006,1.0,0.435544729233
34,35,0.535625696182,1.0,0.481100976467
35,36,0.525548934937,1.0,0.479239702225
36,37,0.532219350338,1.0,0.475912004709
37,38,0.546983242035,1.0,0.505772173405
38,39,0.548924148083,1.0,0.454399228096
39,40,0.562027871609,1.0,0.43978869915
40,41,0.54443526268,1.0,0.488619983196
41,42,0.588261663914,1.0,0.470315665007
42,43,0.599327743053,1.0,0.493093520403
43,44,0.523540258408,1.0,0.505436480045
44,45,0.554720103741,1.0,0.477751940489
45,46,0.55565237999,1.0,0.482459545135
46,47,0.585079491138,1.0,0.470011174679
47,48,0.535613715649,1.0,0.504132628441
48,49,0.643606364727,1.0,0.475216597319
49,50,0.595580220222,1.0,0.516595482826
50,51,0.574411213398,1.0,0.520968496799
51,52,0.594382703304,1.0,0.50738042593
52,53,0.573944568634,1.0,0.4902112782
53,54,0.552515029907,1.0,0.503711462021
54,55,0.62468534708,1.0,0.514797985554
55,56,0.5958314538,1.0,0.529317855835
56,57,0.575772762299,1.0,0.516724944115
57,58,0.595790743828,1.0,0.50516730547
58,59,0.543875932693,1.0,0.538725197315
59,60,0.626446604729,1.0,0.499029785395
60,61,0.559769630432,1.0,0.538057029247
61,62,0.517776787281,1.0,0.541129052639
62,63,0.561322748661,1.0,0.553604662418
63,64,0.582383096218,1.0,0.51693803072
64,65,0.627844393253,1.0,0.524794757366
65,66,0.604199290276,1.0,0.537970006466
66,67,0.591897726059,1.0,0.565428614616
67,68,0.617588758469,1.0,0.546498894691
68,69,0.590230464935,1.0,0.541103899479
69,70,0.575052499771,1.0,0.545788168907
70,71,0.605834305286,1.0,0.561083674431
71,72,0.606697261333,1.0,0.573679685593
72,73,0.562684118748,1.0,0.580499827862
73,74,0.59064668417,1.0,0.558765351772
74,75,0.542048275471,1.0,0.585009217262
75,76,0.589718282223,1.0,0.568413794041
76,77,0.599364161491,1.0,0.548648476601
77,78,0.631757795811,1.0,0.559862434864
78,79,0.535913050175,1.0,0.58298522234
79,80,0.621534883976,1.0,0.566457629204
80,81,0.654122829437,1.0,0.562538564205
81,82,0.570956885815,1.0,0.601381540298
82,83,0.565170705318,1.0,0.599030613899
83,84,0.622150719166,1.0,0.55668348074
84,85,0.548104465008,1.0,0.609432578087
85,86,0.583197414875,1.0,0.60345697403
86,87,0.619696259499,1.0,0.607476294041
87,88,0.660233080387,1.0,0.629058122635
88,89,0.598728060722,1.0,0.582633852959
89,90,0.532741367817,2.0,0.626496970654
90,91,0.551201760769,2.0,0.652159035206
91,92,0.563371181488,2.0,0.659220576286
92,93,0.554776847363,2.0,0.672043859959
93,94,0.558735728264,2.0,0.671369850636
94,95,0.584030389786,2.0,0.657996892929
95,96,0.574637949467,2.0,0.697594702244
96,97,0.562542915344,2.0,0.686170697212
97,98,0.612121522427,2.0,0.691926538944
98,99,0.589222848415,2.0,0.703131079674
99,100,0.546840488911,2.0,0.697681427002
100,101,0.534119486809,2.0,0.701377630234
101,102,0.598264575005,2.0,0.687824785709
102,103,0.575069189072,2.0,0.713200092316
103,104,0.588726580143,2.0,0.718030154705
104,105,0.576281964779,2.0,0.715140640736
105,106,0.531592547894,2.0,0.709734916687
106,107,0.575541079044,2.0,0.712798893452
107,108,0.54281026125,2.0,0.712767958641
108,109,0.558821260929,2.0,0.726989030838
109,110,0.544389545918,2.0,0.729259490967
110,111,0.553030312061,2.0,0.724939823151
111,112,0.551093935966,2.0,0.725378334522
112,113,0.572735369205,2.0,0.726306140423
113,114,0.552998840809,2.0,0.72266882658
114,115,0.574796140194,2.0,0.713788747787
115,116,0.531501054764,2.0,0.733424782753
116,117,0.562822699547,2.0,0.726041734219
117,118,0.566311776638,2.0,0.731548428535
118,119,0.554258227348,2.0,0.729038357735
119,120,0.515625178814,2.0,0.758746564388
120,121,0.527708470821,2.0,0.73175162077
121,122,0.570975720882,2.0,0.724584102631
122,123,0.547877430916,2.0,0.724183022976
123,124,0.516740381718,2.0,0.747525513172
124,125,0.559778213501,2.0,0.744354426861
125,126,0.567320883274,2.0,0.748959839344
126,127,0.536868751049,2.0,0.760858893394
127,128,0.541613996029,2.0,0.751545846462
128,129,0.538698077202,2.0,0.73736178875
129,130,0.516027092934,2.0,0.748486876488
130,131,0.535330653191,2.0,0.741147577763
131,132,0.52490311861,2.0,0.747310638428
132,133,0.552689731121,2.0,0.750021934509
133,134,0.547122895718,2.0,0.756366848946
134,135,0.509840011597,2.0,0.754597783089
135,136,0.575336515903,2.0,0.740567326546
136,137,0.573844432831,2.0,0.737309396267
137,138,0.544622659683,2.0,0.752653896809
138,139,0.543439388275,2.0,0.748449742794
139,140,0.530225038528,2.0,0.752983391285
140,141,0.540842235088,2.0,0.751866996288
141,142,0.504280149937,2.0,0.728472054005
142,143,0.501400530338,2.0,0.749360382557
143,144,0.514762103558,2.0,0.764641463757
144,145,0.509129524231,2.0,0.744880259037
145,146,0.525594770908,2.0,0.771152496338
146,147,0.512716174126,2.0,0.74453163147
147,148,0.552630841732,2.0,0.741599917412
148,149,0.483306050301,2.0,0.752769768238
149,150,0.488917142153,2.0,0.759374260902
150,151,0.508024513721,2.0,0.756913363934
151,152,0.509742975235,2.0,0.757591366768
152,153,0.523962497711,2.0,0.770585775375
153,154,0.530648469925,2.0,0.759548246861
154,155,0.509385287762,2.0,0.75043964386
155,156,0.548002004623,2.0,0.758020222187
156,157,0.512948989868,2.0,0.748676121235
157,158,0.536715149879,2.0,0.765374898911
158,159,0.528016030788,2.0,0.757171213627
159,160,0.511946439743,2.0,0.757245540619
160,161,0.515428006649,2.0,0.765373826027
