,epoch,mu,phase,std
0,1,0.302778512239,1.0,0.0234243050218
1,2,0.245427235961,1.0,0.0171845108271
2,3,0.176870316267,1.0,0.0164654348046
3,4,0.157457858324,1.0,0.0157375056297
4,5,0.161369279027,1.0,0.0103341946378
5,6,0.155180037022,1.0,0.0089273955673
6,7,0.143714442849,1.0,0.00964596774429
7,8,0.14563497901,1.0,0.00904590822756
8,9,0.135290041566,1.0,0.0079618897289
9,10,0.144856110215,1.0,0.0067965015769
10,11,0.13144607842,1.0,0.0092983013019
11,12,0.136541604996,1.0,0.00578646548092
12,13,0.128705173731,1.0,0.00597941828892
13,14,0.126733675599,1.0,0.00571205047891
14,15,0.125897482038,1.0,0.00659350538626
15,16,0.127136871219,1.0,0.00481181079522
16,17,0.119202084839,1.0,0.00471500912681
17,18,0.115635327995,1.0,0.00522638950497
18,19,0.116193726659,1.0,0.00460141757503
19,20,0.12040387094,1.0,0.00378101225942
20,21,0.101868003607,1.0,0.00645124632865
21,22,0.105011284351,1.0,0.00477571040392
22,23,0.1068078354,1.0,0.00476111285388
23,24,0.106855861843,1.0,0.00395399704576
24,25,0.106408521533,1.0,0.00332504720427
25,26,0.0976314470172,1.0,0.0051479828544
26,27,0.110970757902,1.0,0.00235756207258
27,28,0.0929466634989,1.0,0.00509364297614
28,29,0.0980410426855,1.0,0.003460616339
29,30,0.103633098304,1.0,0.00243284064345
30,31,0.0991575345397,1.0,0.00237750890665
31,32,0.0845414325595,1.0,0.00448603928089
32,33,0.0971301719546,1.0,0.00281230849214
33,34,0.0815566554666,1.0,0.00509458454326
34,35,0.083119109273,1.0,0.00415682047606
35,36,0.0899264812469,1.0,0.00254031084478
36,37,0.0865034759045,1.0,0.00323484907858
37,38,0.0871524214745,1.0,0.00255920132622
38,39,0.0917716473341,1.0,0.00179652427323
39,40,0.0858267247677,1.0,0.00255188858137
40,41,0.0947969183326,1.0,0.00117982388474
41,42,0.0826304331422,1.0,0.00269956234843
42,43,0.0827475562692,1.0,0.00218613282777
43,44,0.0817065089941,1.0,0.00239806133322
44,45,0.0773787349463,1.0,0.00270402361639
45,46,0.0831842646003,1.0,0.0019636687357
46,47,0.0793808549643,1.0,0.00231218966655
47,48,0.0798143297434,1.0,0.00201383908279
48,49,0.0680706650019,1.0,0.00335479900241
49,50,0.0800222530961,1.0,0.00171628315002
50,51,0.0749437734485,1.0,0.00231743999757
51,52,0.0749261751771,1.0,0.00216091889888
52,53,0.077482111752,1.0,0.00178632873576
53,54,0.0705316141248,1.0,0.00265759718604
54,55,0.0762989372015,1.0,0.0017455755733
55,56,0.0744236260653,1.0,0.00181550066918
56,57,0.0704198926687,1.0,0.00203912099823
57,58,0.076508231461,1.0,0.00162050314248
58,59,0.0780337154865,1.0,0.0013645546278
59,60,0.0702655091882,1.0,0.00173448561691
60,61,0.0722257271409,1.0,0.0016394892009
61,62,0.0747825056314,1.0,0.00137422664557
62,63,0.0680669695139,1.0,0.00197163899429
63,64,0.068107098341,1.0,0.00154420849867
64,65,0.0726141408086,1.0,0.0013349049259
65,66,0.0682500675321,1.0,0.00180726265535
66,67,0.0705910995603,1.0,0.00212941970676
67,68,0.0736736133695,1.0,0.00164992385544
68,69,0.078306093812,1.0,0.00119636312593
69,70,0.0699095129967,1.0,0.00174843380228
70,71,0.0757575184107,1.0,0.00118052540347
71,72,0.0748138353229,1.0,0.00134178285953
72,73,0.0682884082198,1.0,0.00186398229562
73,74,0.0680120885372,1.0,0.00169984414242
74,75,0.0689456090331,1.0,0.00157221697737
75,76,0.0695409327745,1.0,0.00140149041545
76,77,0.0733302161098,1.0,0.00114980095532
77,78,0.062771178782,1.0,0.00218618335202
78,79,0.0708995386958,1.0,0.00133014703169
79,80,0.0673487335443,1.0,0.00137633748818
80,81,0.0668959841132,1.0,0.00138255348429
81,82,0.0672557353973,1.0,0.00117498217151
82,83,0.0674453228712,1.0,0.00124595151283
83,84,0.0643616989255,1.0,0.00149937381502
84,85,0.0680877789855,1.0,0.00120627519209
85,86,0.0631218478084,1.0,0.00141964969225
86,87,0.0624315142632,1.0,0.00136403949
87,88,0.0650287419558,1.0,0.00135645631235
88,89,0.0651156753302,1.0,0.00119975022972
89,90,0.0554753430188,2.0,0.00155671511311
90,91,0.0548814423382,2.0,0.00135233427864
91,92,0.0556030757725,2.0,0.00108695798554
92,93,0.0537830144167,2.0,0.00119244377129
93,94,0.0553902722895,2.0,0.000991073204204
94,95,0.0547848418355,2.0,0.000970315188169
95,96,0.0517095401883,2.0,0.00126621942036
96,97,0.0543201267719,2.0,0.00096226594178
97,98,0.0528386868536,2.0,0.00116873590741
98,99,0.0541969239712,2.0,0.00085466960445
99,100,0.0542481951416,2.0,0.0008978631231
100,101,0.054106015712,2.0,0.000830001663417
101,102,0.0531498491764,2.0,0.000883717730176
102,103,0.0539035722613,2.0,0.000836620107293
103,104,0.0540418326855,2.0,0.000898145022802
104,105,0.0524211749434,2.0,0.0009469690267
105,106,0.0543125085533,2.0,0.000750419858377
106,107,0.0524298548698,2.0,0.000875186233316
107,108,0.053095266223,2.0,0.000804514216725
108,109,0.0513344705105,2.0,0.000937281991355
109,110,0.0523086115718,2.0,0.000845097471029
110,111,0.0518450625241,2.0,0.000858509214595
111,112,0.052130676806,2.0,0.000797102053184
112,113,0.0503429733217,2.0,0.00100354768801
113,114,0.0527010150254,2.0,0.000781777373049
114,115,0.0506084486842,2.0,0.000944596307818
115,116,0.0518023855984,2.0,0.000773910724092
116,117,0.0505661815405,2.0,0.00081538973609
117,118,0.0519791729748,2.0,0.000758210138883
118,119,0.0518014803529,2.0,0.00077211012831
119,120,0.0492711365223,2.0,0.00102123967372
120,121,0.0517117641866,2.0,0.000817698601168
121,122,0.0511142648757,2.0,0.000772137718741
122,123,0.0509560592473,2.0,0.00076228834223
123,124,0.0520585104823,2.0,0.000642956583761
124,125,0.0494963489473,2.0,0.000953547889367
125,126,0.0508736073971,2.0,0.000741942669265
126,127,0.052013553679,2.0,0.000730145315174
127,128,0.0506885126233,2.0,0.000774078303948
128,129,0.0522300042212,2.0,0.000681135687046
129,130,0.0505259409547,2.0,0.000709741725586
130,131,0.0480890721083,2.0,0.00094342516968
131,132,0.0512758940458,2.0,0.000671424961183
132,133,0.0484905689955,2.0,0.000969610351603
133,134,0.0502741523087,2.0,0.000750116072595
134,135,0.0511627569795,2.0,0.000648717570584
135,136,0.0497289635241,2.0,0.000736134767067
136,137,0.0503752343357,2.0,0.000687485968228
137,138,0.0517671667039,2.0,0.000649464258458
138,139,0.0501282513142,2.0,0.000769189733546
139,140,0.04785842821,2.0,0.000915384618565
140,141,0.0501549616456,2.0,0.000713976391125
141,142,0.049804572016,2.0,0.00069247657666
142,143,0.0506734922528,2.0,0.000643252278678
143,144,0.0509707406163,2.0,0.000627845933195
144,145,0.0506700538099,2.0,0.000659401412122
145,146,0.0492870844901,2.0,0.000706032617018
146,147,0.050536159426,2.0,0.000568976684008
147,148,0.048073258251,2.0,0.000861393753439
148,149,0.0496828779578,2.0,0.000850353157148
149,150,0.0492674857378,2.0,0.000749286846258
150,151,0.0509797595441,2.0,0.000613458571024
151,152,0.0481928400695,2.0,0.000807245378383
152,153,0.0479857251048,2.0,0.00106740032788
153,154,0.048263669014,2.0,0.000816015817691
154,155,0.0504103265703,2.0,0.000733930035494
155,156,0.0489376708865,2.0,0.000798093038611
156,157,0.0482124984264,2.0,0.000872179924045
157,158,0.0496730729938,2.0,0.00074615777703
158,159,0.0485775135458,2.0,0.000713243382052
159,160,0.0485566928983,2.0,0.000795232714154
160,161,0.0484934225678,2.0,0.000718258263078
161,162,0.0478944145143,2.0,0.000646765984129
162,163,0.0467462539673,2.0,0.000790556543507
163,164,0.045971494168,2.0,0.000894752971362
164,165,0.0489385984838,2.0,0.000604990986176
165,166,0.0484797097743,2.0,0.000771264603827
166,167,0.0495739243925,2.0,0.000719013682101
167,168,0.0484877191484,2.0,0.000793732411694
168,169,0.047371186316,2.0,0.000798664405011
169,170,0.0480335690081,2.0,0.000887079746462
170,171,0.0467160344124,2.0,0.000949233188294
171,172,0.0475788339972,2.0,0.000888972776011
172,173,0.0469252467155,2.0,0.000875112251379
173,174,0.0475192666054,2.0,0.000803421309683
174,175,0.0457030124962,2.0,0.000958893389907
175,176,0.0460839383304,2.0,0.000880731327925
176,177,0.0473857782781,2.0,0.000773294828832
177,178,0.0478714257479,2.0,0.000751291285269
178,179,0.0475307628512,2.0,0.00101672625169
