,epoch,mu,phase,std
0,1,0.29197075963,1.0,0.0244859289378
1,2,0.243791744113,1.0,0.0574957095087
2,3,0.211728066206,1.0,0.0819934606552
3,4,0.239575400949,1.0,0.0983887836337
4,5,0.283373206854,1.0,0.149183318019
5,6,0.358964473009,1.0,0.199331358075
6,7,0.400453686714,1.0,0.311556398869
7,8,0.483618170023,1.0,0.390485227108
8,9,0.568216085434,1.0,0.449205636978
9,10,0.529255151749,1.0,0.521865129471
10,11,0.611161410809,1.0,0.593821942806
11,12,0.537238180637,1.0,0.66758620739
12,13,0.505678415298,1.0,0.688994765282
13,14,0.553791821003,1.0,0.704694449902
14,15,0.505625247955,1.0,0.753378689289
15,16,0.499039620161,1.0,0.761644244194
16,17,0.477882474661,1.0,0.773261189461
17,18,0.515999853611,1.0,0.764823317528
18,19,0.477317482233,1.0,0.775752723217
19,20,0.459733426571,1.0,0.777259707451
20,21,0.431948781013,1.0,0.800281822681
21,22,0.413054198027,1.0,0.827899932861
22,23,0.394297242165,1.0,0.83343231678
23,24,0.408022880554,1.0,0.838887870312
24,25,0.368078768253,1.0,0.856661319733
25,26,0.408125340939,1.0,0.840822815895
26,27,0.354070544243,1.0,0.85617005825
27,28,0.358736425638,1.0,0.877673745155
28,29,0.365202277899,1.0,0.874747753143
29,30,0.325398057699,1.0,0.871607482433
30,31,0.350305318832,1.0,0.865683555603
31,32,0.341773808002,1.0,0.879466891289
32,33,0.311369121075,1.0,0.884627699852
33,34,0.353873312473,1.0,0.870506763458
34,35,0.321413755417,1.0,0.882729709148
35,36,0.318748444319,1.0,0.891495525837
36,37,0.317599952221,1.0,0.884968876839
37,38,0.332617282867,1.0,0.879921376705
38,39,0.302478045225,1.0,0.886274814606
39,40,0.314222723246,1.0,0.888085246086
40,41,0.33264118433,1.0,0.885108649731
41,42,0.303432434797,1.0,0.893690347672
42,43,0.328423202038,1.0,0.883799433708
43,44,0.306424945593,1.0,0.88967269659
44,45,0.319245368242,1.0,0.887016892433
45,46,0.280461102724,1.0,0.914045631886
46,47,0.321944922209,1.0,0.896318852901
47,48,0.292075067759,1.0,0.895690858364
48,49,0.302788674831,1.0,0.889158368111
49,50,0.302477806807,1.0,0.895534515381
50,51,0.293591827154,1.0,0.896611869335
51,52,0.301458716393,1.0,0.895560979843
52,53,0.325001806021,1.0,0.892428994179
53,54,0.284056842327,1.0,0.906677246094
54,55,0.287838280201,1.0,0.899997830391
55,56,0.291808128357,1.0,0.903329074383
56,57,0.324657708406,1.0,0.895801484585
57,58,0.31616666913,1.0,0.902735471725
58,59,0.30059376359,1.0,0.904191911221
59,60,0.308559030294,1.0,0.904333472252
60,61,0.284409970045,1.0,0.915708839893
61,62,0.294495046139,1.0,0.909337520599
62,63,0.301791608334,1.0,0.907915055752
63,64,0.293132781982,1.0,0.91301971674
64,65,0.256982028484,1.0,0.92298078537
65,66,0.276576161385,1.0,0.917637586594
66,67,0.29444667697,1.0,0.914655745029
67,68,0.275294005871,1.0,0.918690979481
68,69,0.296660423279,1.0,0.912217974663
69,70,0.28000125289,1.0,0.922347247601
70,71,0.294658392668,1.0,0.910340309143
71,72,0.299988955259,1.0,0.914076268673
72,73,0.287210553885,1.0,0.923844277859
73,74,0.278858602047,1.0,0.922243356705
74,75,0.296552956104,1.0,0.922624826431
75,76,0.298181772232,1.0,0.927201390266
76,77,0.273219585419,1.0,0.928435564041
77,78,0.269693374634,1.0,0.932265102863
78,79,0.275971293449,1.0,0.931127369404
79,80,0.265190094709,1.0,0.936993062496
80,81,0.274661123753,1.0,0.930314064026
81,82,0.299390494823,1.0,0.926944494247
82,83,0.231765314937,1.0,0.944042801857
83,84,0.276152014732,1.0,0.935745954514
84,85,0.249697953463,1.0,0.946650922298
85,86,0.249561116099,1.0,0.948154568672
86,87,0.263118505478,1.0,0.941495418549
87,88,0.251543968916,1.0,0.946314156055
88,89,0.262935876846,1.0,0.945227026939
89,90,0.15801332891,2.0,0.96291077137
90,91,0.128060057759,2.0,0.972331106663
91,92,0.101292923093,2.0,0.978594064713
92,93,0.0797998979688,2.0,0.981799721718
93,94,0.0639646723866,2.0,0.984525799751
94,95,0.0550002269447,2.0,0.984492242336
95,96,0.0446024425328,2.0,0.985147118568
96,97,0.0360430814326,2.0,0.986888349056
97,98,0.0300381872803,2.0,0.987473428249
98,99,0.0241370610893,2.0,0.987707197666
99,100,0.0207471139729,2.0,0.988578021526
100,101,0.0175798293203,2.0,0.988995015621
101,102,0.0149330943823,2.0,0.98921918869
102,103,0.0128524592146,2.0,0.990033864975
103,104,0.0111530870199,2.0,0.989470720291
104,105,0.00946827605367,2.0,0.990469157696
105,106,0.00850158277899,2.0,0.990297079086
106,107,0.00765296397731,2.0,0.990134954453
107,108,0.00701651070267,2.0,0.990977525711
108,109,0.00715542817488,2.0,0.990430176258
109,110,0.00695800455287,2.0,0.990170300007
110,111,0.00564958248287,2.0,0.991454124451
111,112,0.00451549841091,2.0,0.991687774658
112,113,0.00447781989351,2.0,0.991098344326
113,114,0.00427206978202,2.0,0.991836369038
114,115,0.00438727950677,2.0,0.992009580135
115,116,0.00447311066091,2.0,0.991125822067
116,117,0.00378042692319,2.0,0.991432487965
117,118,0.00367219396867,2.0,0.991608917713
118,119,0.00344441318884,2.0,0.991939783096
119,120,0.0031831455417,2.0,0.9920399189
120,121,0.00315591064282,2.0,0.991677880287
121,122,0.00311425211839,2.0,0.991111695766
122,123,0.00271119340323,2.0,0.992167174816
123,124,0.00306362262927,2.0,0.991580724716
124,125,0.00301361479796,2.0,0.99116820097
125,126,0.00283967889845,2.0,0.991354763508
126,127,0.00337540591136,2.0,0.990401268005
127,128,0.00289630237967,2.0,0.991971731186
128,129,0.00360525515862,2.0,0.991309702396
129,130,0.00333065469749,2.0,0.99193495512
130,131,0.00332306325436,2.0,0.991622686386
131,132,0.00342330010608,2.0,0.99163210392
132,133,0.003037532093,2.0,0.991607069969
133,134,0.00299156014808,2.0,0.990391254425
134,135,0.00236135837622,2.0,0.992433965206
135,136,0.00254422426224,2.0,0.991526663303
136,137,0.00253807194531,2.0,0.991252779961
137,138,0.0027150681708,2.0,0.990529894829
138,139,0.00270425505005,2.0,0.990487635136
139,140,0.00248257513158,2.0,0.991008222103
140,141,0.00275101652369,2.0,0.989943742752
141,142,0.00250492454506,2.0,0.990916371346
142,143,0.00222812104039,2.0,0.991951227188
143,144,0.00261215958744,2.0,0.989871203899
144,145,0.00289894035086,2.0,0.989914357662
145,146,0.00341919017956,2.0,0.987969815731
146,147,0.00271207746118,2.0,0.990664124489
147,148,0.00239231623709,2.0,0.990463852882
148,149,0.00213853293099,2.0,0.990733385086
149,150,0.00205299886875,2.0,0.991153657436
150,151,0.00202223914675,2.0,0.991114199162
151,152,0.00204629241489,2.0,0.991156935692
152,153,0.00229500769638,2.0,0.990887403488
153,154,0.00207249284722,2.0,0.991067886353
154,155,0.00185049697757,2.0,0.991674482822
155,156,0.00223277299665,2.0,0.99080491066
156,157,0.00187665957492,2.0,0.991582393646
157,158,0.00220082746819,2.0,0.990655839443
158,159,0.00215722993016,2.0,0.990435302258
159,160,0.00216007023118,2.0,0.990481615067
160,161,0.00199101236649,2.0,0.990927696228
161,162,0.00186425668653,2.0,0.991885721684
162,163,0.00209652422927,2.0,0.991108119488
163,164,0.00247364421375,2.0,0.989863634109
164,165,0.00201050494798,2.0,0.99174875021
165,166,0.00213246862404,2.0,0.991677880287
166,167,0.00211007357575,2.0,0.990862905979
167,168,0.00167584582232,2.0,0.992660462856
168,169,0.00171635707375,2.0,0.991999208927
169,170,0.00221959780902,2.0,0.990578711033
170,171,0.00189119356219,2.0,0.991687238216
171,172,0.00217727920972,2.0,0.990318953991
172,173,0.00206061406061,2.0,0.990039825439
173,174,0.00207252125256,2.0,0.989878535271
174,175,0.00243378477171,2.0,0.988047480583
175,176,0.00394846498966,2.0,0.985143303871
176,177,0.00248150737025,2.0,0.989615738392
177,178,0.00209469418041,2.0,0.989691674709
178,179,0.00197383994237,2.0,0.990156769753
